list1<-list(2006551,"Vaibhav Jajodia","IT4")

list1